# -*- mode: snippet -*-
# name: histogram
# uuid: histogram 
# key: histogram
# condition: t
# --
import matplotlib.pyplot as plt

pts = [7103, 10971, 12871, 9095, 11169, 11041, 9290, 8551, 9988, 9289, 10886, 10860, 7996, 8398, 8493, 9146, 7906, 9759, 7743, 11020, 7456, 10371, 8684, 9282, 8238, 8732, 10468, 8301, 8378, 7695, 8217, 8603, 7271, 6588, 7900, 7706, 9312, 8036, 9800, 10962, 7103, 10971, 12871, 9095, 11169, 11041, 9290, 8551, 9988, 9289, 10886, 10860, 7996, 8398, 8493, 9146, 7906, 9759, 7743, 11020, 7456, 10371, 8684, 9282, 8238, 8732, 10468, 8301, 8378, 7695, 8217, 8603, 7271, 6588, 7900, 7706, 9312, 8036, 9800, 10962, 10145, 8079, 9948, 9841, 8114, 6642, 8612, 11611, 8635, 9495, 8001, 9706, 10190, 8383, 8476, 8368, 8265, 7918, 9059, 7009, 7871, 9762, 8257, 10750, 10314, 11306, 9384, 9357, 7511, 7530, 8722, 9123, 7764, 9600, 8664, 7556, 13234, 7659, 9865, 11381, 7967, 8333, 8572, 6687, 9624, 8404, 10546, 7478, 8737, 7851, 7306, 8039, 14230, 9156, 9143, 9326, 6154, 7330, 8089, 8952, 10722, 7969, 10281, 6466, 7647, 8932, 9307, 9548, 7627, 7200, 6906, 8729, 10908, 9010, 8366, 8041, 9908, 9055, 12118, 7507, 8603, 7803, 8327, 7226, 9128, 9091, 8121, 10197, 12028, 12086, 8209, 9057, 6214, 10744, 10189, 8718, 9594, 11802, 9689, 9337, 7752, 8110, 7503, 8647, 9033, 9526, 7743, 8276, 9846, 7062, 10249, 7886, 7798, 7866, 9455, 8711, 10743, 9754, 11575, 10247, 9404, 10567, 8542, 7225, 10230, 7735, 10118, 6317, 11134, 7729, 7262, 8277, 9568, 9096, 10121, 17008, 10324, 8417, 8220, 12218, 6666, 8738, 10131, 9573, 7920, 9738, 8453, 8360, 9354, 9992, 7336, 7565, 8081, 10254, 9275, 10301, 13231, 8990, 7266, 7754]

# We can set the number of bins with the *bins* keyword argument.
plt.hist(pts, bins=None)

plt.show()